start=1784.032000
volume=80.000000
