start=1932.434000
volume=95.000000
