start=7258.960000
pause=yes
volume=120.000000
