start=206.888773
volume=70.000000
