start=7904.230000
volume=85.000000
aid=1
sub-delay=0.100000
