start=1285.284000
volume=90.000000
