start=1113.863000
volume=90.000000
