start=8992.650000
volume=90.000000
aid=1
sid=no
