start=1289.872000
volume=75.000000
aid=2
