start=7197.280000
pause=yes
volume=85.000000
aid=3
