start=1290.206000
volume=75.000000
