start=2258.718000
volume=80.000000
fullscreen=yes
