start=1375.708000
volume=80.000000
