start=8183.105000
volume=75.000000
sub-visibility=no
