start=5641.520000
volume=110.000000
sid=no
