start=6316.388000
volume=95.000000
sid=no
